0
-1
-1
-3
2
13
21
31
47
56
57
57
45
32
16
-4
-24
-39
-57
-65
-67
-66
-54
-41
-25
-5
15
30
48
56
57
57
45
31
15
-5
-25
-40
-57
-65
-67
-66
-54
-41
-25
-5
15
30
48
56
57
57
45
32
16
-4
-24
-39
-57
-65
-67
-66
-54
-40
-24
-4
16
31
48
56
57
57
45
32
16
-4
-24
-39
-57
-65
-67
-66
-54
-41
-25
-5
15
30
48
56
57
57
45
31
15
-5
-25
-40
-57
-65
-67
-66
-54
-41
-25
-5
15
30
48
56
57
57
45
32
16
-4
-24
-39
-57
-65
-67
-66
-54
-40
-24
-4
16
31
48
56
57
57
45
32
16
-4
-24
-39
-57
-65
-67
-66
-54
-41
-25
-5
15
30
48
56
57
57
45
32
16
-4
-24
-39
-57
-65
-67
-66
-54
-41
-25
-5
15
30
48
56
57
57
45
31
15
-5
-25
-40
-57
-65
-67
-66
-54
-40
-24
-4
16
31
48
56
57
57
45
32
16
-4
-24
-39
-57
-65
-67
