0
-1
-3
-6
3
31
80
142
198
234
245
234
198
144
73
-4
-82
-153
-207
-242
-252
-242
-205
-151
-80
-3
75
146
200
234
245
234
198
144
73
-4
-82
-153
-207
-242
-252
-242
-205
-151
-80
-3
75
146
200
235
246
235
199
146
74
-3
-81
-152
-207
-242
-252
-242
-205
-151
-80
-3
75
146
200
235
246
235
199
145
73
-4
-82
-153
-207
-242
-252
-242
-205
-151
-80
-3
75
146
200
234
245
234
198
144
73
-3
-81
-151
-205
-240
-251
-242
-206
-153
-82
-5
74
144
199
233
244
233
198
144
73
-4
-82
-153
-207
-243
-253
-244
-207
-153
-81
-5
74
145
199
234
246
236
200
146
74
-2
-81
-151
-205
-240
-251
-242
-206
-152
-81
-4
75
146
200
234
245
234
198
145
74
-3
-81
-152
-207
-243
-253
-243
-206
-152
-80
-4
74
145
199
234
246
236
200
146
74
-3
-82
-152
-206
-241
-251
-241
-205
-151
-80
-3
75
145
199
233
244
234
199
146
75
-2
-81
-151
-206
-242
-252
