0
0
0
3
7
15
25
34
45
52
54
52
44
31
17
0
-18
-32
-45
-53
-55
-53
-45
-32
-18
-1
17
31
44
52
54
52
44
31
17
0
-18
-32
-45
-53
-55
-53
-45
-32
-18
-1
17
31
44
52
54
52
44
31
17
0
-18
-32
-45
-53
-55
-53
-45
-32
-18
0
17
31
44
52
54
52
44
31
17
0
-18
-32
-45
-53
-55
-53
-45
-32
-18
0
17
31
44
52
54
52
44
31
17
-1
-18
-32
-45
-53
-55
-53
-45
-32
-18
-1
17
31
44
52
54
52
44
31
17
0
-18
-32
-45
-53
-55
-53
-45
-32
-18
0
17
31
44
52
54
52
44
31
17
0
-18
-32
-45
-53
-55
-53
-45
-32
-18
-1
17
31
44
52
54
52
44
31
17
0
-18
-32
-45
-53
-55
-53
-45
-32
-18
-1
17
31
44
52
54
52
44
31
17
-1
-18
-32
-45
-53
-55
-53
-45
-32
-18
0
17
31
44
52
54
52
44
31
17
0
-18
-32
-45
-53
-55
